2	1
3	1
4	1
5	1
6	1
7	1
8	1
9	1
10	2
11	1
12	1
13	1
14	1
15	1
16	1
17	1
18	1
19	1
20	2
21	3
22	3
23	2
24	1
25	1
26	4
27	6
28	1
29	2
30	2
31	2
32	4
33	1
34	1
35	1
36	1
37	1
38	1
39	2
40	3
41	5
42	6
43	2
44	1
45	3
46	1
47	1
48	1
49	3
50	1
51	1
52	4
53	1
54	4
55	5
56	3
57	9
58	3
59	1
60	3
61	2
62	2
63	3
64	2
65	1
66	4
67	5
68	15
69	1
70	6
71	1
72	1
73	8
74	5
75	1
76	4
77	2
78	2
79	2
80	5
81	4
82	1
83	8
84	5
85	6
86	4
87	1
88	4
89	9
90	3
91	1
92	2
93	6
94	3
95	6
96	3
97	2
98	1
99	10
100	3
101	2
102	6
103	2
104	5
105	9
106	6
107	3
108	2
109	4
110	10
111	3
112	6
113	2
114	12
115	1
116	8
117	8
118	3
119	12
120	22
121	1
122	6
123	19
124	9
125	2
126	2
127	5
128	4
129	9
130	3
131	7
132	2
133	7
134	7
135	10
136	3
137	10
138	7
139	2
140	2
141	7
142	14
143	19
144	6
145	9
146	1
147	5
148	4
149	12
150	8
151	5
152	5
153	2
154	1
155	1
156	2
157	7
158	3
159	13
160	5
161	1
162	12
163	4
164	4
165	2
166	6
167	1
168	4
169	6
170	23
171	19
172	6
173	17
174	5
175	3
176	9
177	10
178	8
179	4
180	3
181	9
182	4
183	2
184	2
185	9
186	14
187	22
188	8
189	25
190	6
191	3
192	3
193	4
194	4
195	10
196	4
197	6
198	9
199	2
200	22
201	35
202	3
203	3
204	31
205	12
206	2
207	3
208	2
209	3
210	1
211	1
212	14
213	10
214	20
215	11
216	1
217	1
218	7
219	5
220	5
221	2
222	5
223	7
224	17
225	17
226	8
227	10
228	12
229	2
230	5
231	7
232	14
233	17
234	1
235	1
236	5
237	23
238	7
239	14
240	41
241	3
242	2
243	16
244	5
245	1
246	4
247	7
248	3
249	14
250	16
251	3
252	10
253	44
254	3
255	12
256	2
257	2
258	10
259	11
260	7
261	6
262	27
263	3
264	6
265	5
266	20
267	15
268	2
269	9
270	5
271	4
272	53
273	35
274	6
275	12
276	8
277	17
278	48
279	10
280	2
281	34
282	13
283	2
284	5
285	13
286	38
287	2
288	1
289	3
290	4
291	11
292	32
293	1
294	3
295	3
296	10
297	7
298	22
299	11
300	16
301	5
302	2
303	17
304	18
305	46
306	1
307	8
308	4
309	19
310	9
311	12
312	5
313	24
314	32
315	12
316	50
317	2
318	7
319	10
320	7
321	19
322	3
323	66
324	37
325	22
326	38
327	18
328	4
329	9
330	29
331	15
332	19
333	43
334	7
335	27
336	1
337	3
338	9
339	7
340	25
341	6
342	12
343	34
344	18
345	9
346	16
347	27
348	7
349	4
350	1
351	1
352	2
353	1
354	2
355	1
356	2
357	1
358	1
359	1
360	3
361	1
362	4
363	2
364	3
365	3
366	2
367	4
368	4
369	4
370	3
371	4
372	3
373	1
374	9
375	6
376	3
377	14
378	1
379	10
380	1
381	2
382	2
383	3
384	2
385	2
386	2
387	1
388	6
389	7
390	6
391	3
392	9
393	3
394	3
395	8
396	8
397	7
398	10
399	6
400	4
401	11
402	2
403	12
404	7
405	11
406	4
407	2
408	3
409	14
410	10
411	6
412	2
413	25
414	7
415	15
416	10
417	5
418	18
419	6
420	19
421	8
422	11
423	12
424	12
425	7
426	5
427	6
428	4
429	27
430	2
431	15
432	26
433	18
434	4
435	12
436	4
437	20
438	2
439	23
440	11
441	5
442	5
443	6
444	1
445	22
446	13
447	7
448	1
449	2
450	5
451	8
452	10
453	19
454	3
455	2
456	16
457	30
458	9
459	11
460	5
461	32
462	23
463	10
464	24
465	4
466	37
467	3
468	2
469	2
470	12
471	10
472	17
473	3
474	19
475	11
476	48
477	5
478	7
479	5
480	18
481	3
482	19
483	21
484	40
485	29
486	3
487	11
488	24
489	17
490	17
491	9
492	9
493	35
494	34
495	14
496	16
497	23
498	54
499	5
500	2
501	47
502	7
503	9
504	38
505	20
506	9
507	46
508	44
509	10
510	11
511	19
512	20
513	18
514	56
515	45
516	42
517	16
518	58
519	16
520	19
521	39
522	14
523	6
524	35
525	47
526	55
527	28
528	40
529	10
530	7
531	4
532	31
533	9
534	6
535	7
536	12
537	19
538	32
539	47
540	20
541	6
542	8
543	48
544	16
545	52
546	39
547	26
548	29
549	30
550	6
551	1
552	16
553	4
554	64
555	17
556	37
557	41
558	36
559	18
560	70
561	28
562	71
563	5
564	71
565	9
566	20
567	61
568	48
569	12
570	15
571	35
572	3
573	4
574	1
575	2
576	2
577	1
578	1
579	3
580	5
581	31
582	1
583	3
584	5
585	3
586	1
587	3
588	5
589	3
590	4
591	6
592	36
593	8
594	5
595	3
596	5
597	9
598	6
599	4
600	5
601	8
602	14
603	1
604	6
605	28
606	7
607	30
608	1
609	1
610	16
611	5
612	7
613	7
614	1
615	27
616	9
617	6
618	12
619	11
620	14
621	12
622	5
623	7
624	12
625	1
626	14
627	7
628	10
629	5
630	3
631	24
632	7
633	10
634	10
635	12
636	12
637	17
638	33
639	1
640	9
641	13
642	19
643	2
644	15
645	21
646	24
647	12
648	11
649	2
650	3
651	15
652	35
653	4
654	20
655	24
656	5
657	3
658	6
659	17
660	18
661	3
662	19
663	20
664	9
665	15
666	16
667	17
668	3
669	1
670	33
671	21
672	5
673	7
674	4
675	1
676	22
677	17
678	19
679	23
680	6
681	25
682	23
683	13
684	33
685	20
686	17
688	1
689	2
690	1
691	1
692	1
693	1
694	1
695	3
696	4
697	4
698	7
699	2
700	1
701	2
702	4
703	2
704	4
705	1
706	5
707	4
708	1
709	3
710	3
711	2
712	5
713	3
714	13
715	5
716	2
717	1
718	1
719	6
720	13
721	4
722	3
723	6
724	2
725	12
726	3
727	11
728	8
729	6
730	2
731	7
732	10
733	5
734	2
735	8
736	1
737	6
738	6
739	10
740	9
741	3
742	5
743	6
744	1
745	1
746	22
747	6
748	19
749	8
750	1
751	1
752	7
753	16
754	6
755	14
756	6
757	6
758	3
759	9
760	8
761	14
762	2
763	6
764	6
765	12
766	6
767	17
768	4
769	8
770	7
771	15
772	8
773	10
774	17
775	20
776	2
777	2
778	13
779	10
780	9
781	20
782	29
783	8
784	10
785	26
786	2
787	6
788	18
789	3
790	9
791	3
792	3
793	10
794	13
795	12
796	13
797	3
798	18
799	5
800	8
801	23
802	1
803	3
804	15
805	6
806	42
807	10
808	14
809	8
810	16
811	22
812	6
813	4
814	9
815	20
816	26
817	7
818	19
819	14
820	25
821	28
822	8
823	12
824	43
825	41
826	2
827	8
828	39
829	61
830	30
831	45
832	14
833	4
834	15
835	39
836	18
837	11
838	12
839	20
840	15
841	25
842	2
843	36
844	13
845	13
846	22
847	6
848	26
849	21
850	30
851	10
852	4
853	3
854	44
855	3
856	4
857	29
858	1
859	1
860	1
861	1
862	5
863	2
864	5
865	3
866	3
867	1
868	2
869	4
870	6
871	2
872	4
873	3
874	4
875	5
876	1
877	6
878	3
879	7
880	4
881	8
882	6
883	6
884	1
885	3
886	8
887	7
888	6
889	8
890	13
891	7
892	1
893	1
894	4
895	4
896	6
897	3
898	1
899	1
900	1
901	1
902	1
903	2
904	2
905	2
906	4
907	2
908	1
909	2
910	1
911	1
912	1
913	2
914	2
915	2
916	5
917	1
918	6
919	1
920	5
921	1
922	2
923	2
924	1
925	1
926	4
927	1
928	4
929	1
930	1
931	9
932	2
933	1
934	3
935	2
936	1
937	13
938	1
939	3
940	2
941	2
942	2
943	7
944	1
945	2
946	2
947	6
948	5
949	6
950	2
951	2
952	1
953	5
954	4
955	7
956	2
957	1
958	5
959	2
960	1
961	5
962	2
963	6
964	4
965	2
966	3
967	5
968	8
969	8
970	6
971	1
972	6
973	4
974	2
975	2
976	4
977	9
978	2
979	6
980	2
981	9
982	5
983	5
984	6
985	8
986	1
987	3
988	1
989	4
990	2
991	2
992	4
993	6
994	14
995	2
996	6
997	1
998	6
999	3
1000	6
1001	4
1002	9
1003	1
1004	5
1005	6
1006	2
1007	12
1008	4
1009	1
1010	4
1011	5
1012	4
1013	10
1014	4
1015	14
1016	4
1017	3
1018	13
1019	8
1020	6
1021	11
1022	7
1023	2
1024	2
1025	7
1026	8
1027	11
1028	1
1029	9
1030	10
1031	3
1032	1
1033	15
1034	4
1035	2
1036	4
1037	9
1038	7
1039	2
1040	3
1041	11
1042	7
1043	3
1044	4
1045	7
1046	4
1047	1
1048	8
1049	11
1050	9
1051	1
1052	7
1053	12
1054	1
1055	9
1056	2
1057	8
1058	2
1059	2
1060	18
1061	11
1062	2
1063	4
1064	6
1065	5
1066	1
1067	14
1068	16
1069	4
1070	9
1071	17
1072	1
1073	7
1074	4
1075	10
1076	12
1077	16
1078	3
1079	27
1080	14
1081	15
1082	10
1083	8
1084	16
1085	5
1086	2
1087	37
1088	3
1089	3
1090	3
1091	2
1092	6
1093	12
1094	2
1095	2
1096	10
1097	1
1098	7
1099	4
1100	14
1101	14
1102	19
1103	15
1104	3
1105	26
1106	2
1107	5
1108	16
1109	14
1110	14
1111	17
1112	6
1113	10
1114	15
1115	13
1116	6
1117	6
1118	11
1119	8
1120	1
1121	11
1122	8
1123	20
1124	12
1125	22
1126	22
1127	35
1128	6
1129	21
1130	15
1131	11
1132	7
1133	28
1134	3
1135	5
1136	10
1137	7
1138	7
1139	6
1140	4
1141	2
1142	4
1143	11
1144	4
1145	5
1146	1
1147	26
1148	2
1149	17
1150	22
1151	2
1152	2
1153	5
1154	27
1155	3
1156	21
1157	21
1158	1
1159	19
1160	13
1161	19
1162	3
1163	1
1164	30
1165	8
1166	9
1167	16
1168	5
1169	4
1170	8
1171	13
1172	9
1173	28
1174	26
1175	5
1176	30
1177	1
1178	7
1179	6
1180	21
1181	12
1182	14
1183	14
1184	11
1185	34
1186	41
1187	7
1188	5
1189	11
1190	13
1191	9
1192	33
1193	31
1194	5
1195	2
1196	12
1197	7
1198	9
1199	16
1200	57
1201	1
1202	19
1203	5
1204	2
1205	30
1206	26
1207	1
1208	21
1209	3
1210	20
1211	13
1212	47
1213	7
1214	7
1215	34
1216	14
1217	12
1218	14
1219	6
1220	19
1221	2
1222	16
1223	44
1224	11
1225	2
1226	12
1227	14
1228	30
1229	14
1230	17
1231	35
1232	29
1233	11
1234	2
1235	4
1236	41
1237	15
1238	28
1239	47
1240	4
1241	3
1242	8
1243	25
1244	39
1245	5
1246	15
1247	9
1248	7
1249	4
1250	7
1251	37
1252	5
1253	2
1254	3
1255	5
1256	31
1257	46
1258	24
1259	15
1260	20
1261	18
1262	26
1263	1
1264	4
1265	2
1266	12
1267	4
1268	38
1269	5
1270	39
1271	1
1272	37
1273	22
1274	31
1275	7
1276	24
1277	1
1278	47
1279	17
1280	17
1281	29
1282	13
1283	30
1284	8
1285	20
1286	23
1287	13
1288	21
1289	35
1290	36
1291	26
1292	40
1293	22
1294	15
1295	12
1296	4
1297	11
1298	3
1299	30
1300	14
1301	16
1302	4
1303	42
1304	24
1305	22
1306	35
1307	13
1308	12
1309	12
1310	18
1311	15
1312	10
1313	26
1314	19
1315	11
1316	20
1317	15
1318	10
1319	17
1320	10
1321	33
1322	9
1323	43
1324	32
1325	19
1326	9
1327	2
1328	16
1329	10
1330	51
1331	46
1332	62
1333	18
1334	15
1335	34
1336	45
1337	27
1338	11
1339	37
1340	28
1341	18
1342	46
1343	4
1344	15
1345	31
1346	41
1347	4
1348	34
1349	19
1350	22
1351	17
1352	27
1353	97
1354	2
1355	2
1356	22
1357	7
1358	19
1359	40
1360	32
1361	14
1362	52
1363	2
1364	10
1365	4
1366	18
1367	37
1368	72
1369	9
1370	23
1371	48
1372	18
1373	4
1374	35
1375	29
1376	32
1377	76
1378	82
1379	16
1380	24
1381	37
1382	16
1383	24
1384	2
1385	8
1386	5
1387	1
1388	5
1389	35
1390	19
1391	88
1392	85
1393	19
1394	27
1395	2
1396	1
1397	31
1398	10
1399	23
1400	89
1401	15
1402	6
1403	34
1404	7
1405	30
1406	12
1407	17
1408	23
1409	20
1410	48
1411	10
1412	2
1413	13
1414	29
1415	4
1416	14
1417	48
1418	3
1419	12
1420	5
1421	70
1422	13
1423	10
1424	31
1425	8
1426	21
1427	33
1428	33
1429	18
1430	21
1431	1
1432	108
1433	31
1434	12
1435	4
1436	28
1437	20
1438	29
1439	23
1440	11
1441	9
1442	9
1443	4
1444	5
1445	18
1446	5
1447	20
1448	69
1449	33
1450	44
1451	6
1452	17
1453	16
1454	16
1455	30
1456	2
1457	67
1458	32
1459	17
1460	58
1461	26
1462	6
1463	51
1464	4
1465	16
1466	7
1467	1
1468	64
1469	17
1470	31
1471	40
1472	88
1473	54
1474	33
1475	3
1476	48
1477	2
1478	3
1479	9
1480	50
1481	48
1482	9
1483	31
1484	48
1485	16
1486	22
1487	5
1488	42
1489	82
1490	8
1491	6
1492	63
1493	12
1494	16
1495	15
1496	44
1497	29
1498	12
1499	3
1500	8
1501	21
1502	12
1503	45
1504	20
1505	38
1506	23
1507	6
1508	27
1509	21
1510	74
1511	1
1512	18
1513	25
1514	31
1515	21
1516	45
1517	85
1518	21
1519	8
1520	17
1521	59
1522	2
1523	85
1524	33
1525	21
1526	37
1527	12
1528	7
1529	35
1530	24
1531	55
1532	14
1533	21
1534	22
1535	10
1536	38
1537	61
1538	15
1539	38
1540	42
1541	39
1542	25
1543	28
1544	24
1545	10
1546	31
1547	2
1548	72
1549	26
1550	35
1551	25
1552	100
1553	4
1554	23
1555	95
1556	17
1557	18
1558	85
1559	1
1560	112
1561	1
1562	17
1563	7
1564	66
1565	9
1566	24
1567	11
1568	21
1569	20
1570	29
1571	80
1572	31
1573	26
1574	64
1575	52
1576	12
1577	44
1578	9
1579	26
1580	5
1581	48
1582	1
1583	26
1584	64
1585	135
1586	14
1587	3
1588	37
1589	13
1590	128
1591	57
1592	64
1593	21
1594	22
1595	11
1596	30
1597	59
1598	67
1599	88
1600	5
1601	70
1602	24
1603	9
1604	94
1605	94
1606	62
1607	20
1608	3
1609	83
1610	65
1611	121
1612	56
1613	124
1614	116
1615	47
1616	19
1617	36
1618	78
1619	17
1620	80
1621	89
1622	131
1623	118
1624	67
1625	28
1626	17
1627	20
1628	2
1629	66
1630	17
1631	57
1632	8
1633	53
1634	19
1635	31
1636	27
1637	63
1638	76
1639	25
1640	51
1641	6
1642	11
1643	10
1644	71
1645	49
1646	39
1647	12
1648	38
1649	20
1650	25
1651	16
1652	2
1653	58
1654	53
1655	5
1656	45
1657	17
1658	3
1659	13
1660	60
1661	20
1662	61
1663	110
1664	172
1665	5
1666	91
1667	18
1668	21
1669	89
1670	105
1671	7
1672	24
1673	18
1674	36
1675	19
1676	91
1677	12
1678	30
1679	12
1680	24
1681	48
1682	22
1683	30
1684	86
1685	14
1686	69
1687	29
1688	35
1689	67
1690	88
1691	2
1692	52
1693	45
1694	2
1695	29
1696	22
1697	8
1698	4
1699	16
1700	37
1701	15
1702	6
1703	32
1704	64
1705	16
1706	23
1707	34
1708	143
1709	10
1710	51
1711	10
1712	5
1713	80
1714	4
1715	144
1716	53
1717	53
1718	110
1719	37
1720	16
1721	42
1722	91
1723	46
1724	31
1725	49
1726	43
1727	13
1728	28
1729	28
1730	63
1731	183
1732	6
1733	38
1734	30
1735	37
1736	82
1737	128
1738	62
1739	24
1740	10
1741	33
1742	88
1743	67
1744	21
1745	32
1746	17
1747	168
1748	17
1749	12
1750	12
1751	106
1752	39
1753	99
1754	67
1755	52
1756	2
1757	15
1758	112
1759	16
1760	5
1761	3
1762	99
1763	4
1764	26
1765	25
1766	54
1767	33
1768	35
1769	179
1770	21
1771	43
1772	17
1773	50
1774	20
1775	32
1776	7
1777	4
1778	5
1779	37
1780	18
1781	16
1782	22
1783	56
1784	106
1785	13
1786	29
1787	84
1788	32
1789	10
1790	90
1791	35
1792	112
1793	5
1794	127
1795	48
1796	78
1797	61
1798	4
1799	30
1800	132
1801	216
1802	22
1803	10
1804	23
1805	176
1806	18
1807	29
1808	48
1809	14
1810	100
1811	91
1812	56
1813	39
1814	139
1815	10
1816	22
1817	120
1818	10
1819	27
1820	81
1821	59
1822	25
1823	11
1824	117
1825	54
1826	29
1827	97
1828	186
1829	51
1830	14
1831	16
1832	40
1833	41
1834	182
1835	1
1836	171
1837	24
1838	36
1839	6
1840	155
1841	10
1842	45
1843	111
1844	39
1845	66
1846	99
1847	36
1848	25
1849	34
1850	116
1851	27
1852	42
1853	21
1854	12
1855	2
1856	6
1857	4
1858	67
1859	26
1860	45
1861	16
1862	96
1863	51
1864	44
1865	104
1866	7
1867	31
1868	118
1869	117
1870	14
1871	22
1872	79
1873	48
1874	39
1875	12
1876	28
1877	55
1878	63
1879	34
1880	147
1881	30
1882	49
1883	51
1884	18
1885	30
1886	27
1887	104
1888	10
1889	251
1890	15
1891	6
1892	71
1893	12
1894	82
1895	62
1896	37
1897	9
1898	35
1899	100
1900	77
1901	26
1902	13
1903	129
1904	40
1905	29
1906	11
1907	22
1908	30
1909	10
1910	40
1911	31
1912	39
1913	7
1914	2
1915	1
1916	1
1917	3
1918	1
1919	2
1920	2
1921	4
1922	2
1923	2
1924	1
1925	1
1926	3
1927	3
1928	3
1929	2
1930	4
1931	1
1932	4
1933	7
1934	1
1935	1
1936	6
1937	2
1938	1
1939	4
1940	4
1941	5
1942	8
1943	2
1944	5
1945	2
1946	13
1947	8
1948	9
1949	11
1950	1
1951	1
1952	8
1953	2
1954	5
1955	15
1956	8
1957	1
1958	6
1959	5
1960	10
1961	1
1962	1
1963	8
1964	5
1965	6
1966	2
1967	9
1968	2
1969	7
1970	1
1971	6
1972	11
1973	11
1974	14
1975	2
1976	5
1977	8
1978	2
1979	2
1980	12
1981	13
1982	5
1983	1
1984	14
1985	14
1986	17
1987	10
1988	3
1989	3
1990	9
1991	5
1992	12
1993	2
1994	20
1995	10
1996	16
1997	1
1998	12
1999	13
2000	11
2001	10
2002	18
2003	10
2004	9
2005	18
2006	18
2007	19
2008	22
2009	1
2010	18
2011	13
2012	17
2013	7
2014	6
2015	4
2016	2
2017	7
2018	2
2019	24
2020	3
2021	18
2022	7
2023	23
2024	4
2025	25
2026	12
2027	13
2028	20
2029	14
2030	5
2031	23
2032	7
2033	22
2034	21
2035	1
2036	7
2037	5
2038	24
2039	16
2040	20
2041	20
2042	3
2043	17
2044	24
2045	5
2046	25
2047	23
2048	31
2049	1
2050	9
2051	10
2052	1
2053	21
2054	18
2055	30
2056	16
2057	17
2058	8
2059	15
2060	31
2061	19
2062	21
2063	16
2064	23
2065	34
2066	7
2067	4
2068	6
2069	30
2070	29
2071	2
2072	25
2073	30
2074	34
2075	32
2076	12
2077	2
2078	26
2079	42
2080	1
2081	2
2082	43
2083	4
2084	30
2085	32
2086	6
2087	28
2088	39
2089	44
2090	6
2091	41
2092	8
2093	11
2094	41
2095	1
2096	39
2097	6
2098	20
2099	31
2100	5
2101	1
2102	16
2103	32
2104	41
2105	48
2106	3
2107	1
2108	7
2109	43
2110	36
2111	14
2112	46
2113	43
2114	3
2115	5
2116	39
2117	29
2118	38
2119	50
2120	3
2121	8
2122	45
2123	41
2124	56
2125	47
2126	36
2127	20
2128	30
2129	27
2130	12
2131	2
2132	55
2133	27
2134	39
2135	30
2136	28
2137	27
2138	16
2139	44
2140	53
2141	53
2142	8
2143	68
2144	39
2145	25
2146	14
2147	9
2148	13
2149	32
2150	41
2151	60
2152	32
2153	11
2154	50
2155	52
2156	8
2157	11
2158	21
2159	3
2160	28
2161	11
2162	26
2163	7
2164	13
2165	28
2166	43
2167	4
2168	2
2169	2
2170	40
2171	4
2172	36
2173	64
2174	14
2175	44
2176	4
2177	45
2178	2
2179	1
2180	33
2181	41
2182	6
2183	3
2184	56
2185	64
2186	11
2187	7
2188	56
2189	68
2190	41
2191	62
2192	37
2193	21
2194	7
2195	46
2196	1
2197	50
2198	12
2199	24
2200	71
2201	64
2202	71
2203	26
2204	47
2205	2
2206	7
2207	78
2208	6
2209	8
2210	15
2211	38
2212	23
2213	51
2214	36
2215	10
2216	30
2217	54
2218	3
2219	82
2220	3
2221	77
2222	17
2223	20
2224	49
2225	60
2226	29
2227	20
2228	2
2229	12
2230	83
2231	2
2232	16
2233	30
2234	91
2235	10
2236	27
2237	19
2238	49
2239	4
2240	22
2241	80
2242	59
2243	19
2244	24
2245	85
2246	3
2247	48
2248	59
2249	9
2250	8
2251	53
2252	6
2253	4
2254	66
2255	48
2256	5
2257	5
2258	68
2259	20
2260	22
2261	15
2262	60
2263	6
2264	2
2265	43
2266	8
2267	101
2268	45
2269	67
2270	1
2271	7
2272	89
2273	15
2274	53
2275	18
2276	86
2277	73
2278	8
2279	83
2280	68
2281	29
2282	6
2283	79
2284	86
2285	35
2286	28
2287	13
2288	34
2289	12
2290	87
2291	92
2292	12
2293	81
2294	30
2295	70
2296	12
2297	18
2298	23
2299	8
2300	75
2301	63
2302	7
2303	76
2304	20
2305	32
2306	12
2307	57
2308	69
2309	82
2310	100
2311	14
2312	27
2313	6
2314	45
2315	11
2316	45
2317	6
2318	17
2319	24
2320	74
2321	7
2322	5
2323	26
2324	97
2325	105
2326	50
2327	94
2328	71
2329	101
2330	71
2331	31
2332	100
2333	65
2334	103
2335	72
2336	23
2337	95
2338	22
2339	73
2340	99
2341	105
2342	21
2343	14
2344	57
2345	78
2346	30
2347	19
2348	177
2349	86
2350	8
2351	19
2352	79
2353	99
2354	51
2355	103
2356	17
2357	102
2358	9
2359	5
2360	86
2361	11
2362	31
2363	17
2364	99
2365	44
2366	41
2367	28
2368	34
2369	58
2370	115
2371	99
2372	29
2373	76
2374	9
2375	99
2376	3
2377	109
2378	60
2379	37
2380	26
2381	2
2382	106
2383	1
2384	14
2385	126
2386	48
2387	85
2388	31
2389	6
2390	19
2391	34
2392	53
2393	51
2394	25
2395	63
2396	116
2397	47
2398	23
2399	68
2400	53
2401	13
2402	12
2403	12
2404	12
2405	115
2406	17
2407	30
2408	58
2409	99
2410	118
2411	133
2412	26
2413	24
2414	13
2415	120
2416	30
2417	27
2418	54
2419	80
2420	76
2421	61
2422	6
2423	3
2424	116
2425	7
2426	25
2427	9
2428	17
2429	131
2430	63
2431	101
2432	3
2433	21
2434	101
2435	75
2436	22
2437	68
2438	5
2439	52
2440	5
2441	27
2442	3
2443	2
2444	16
2445	10
2446	52
2447	112
2448	36
2449	26
2450	33
2451	8
2452	84
2453	8
2454	12
2455	11
2456	15
2457	7
2458	1
2459	78
2460	38
2461	115
2462	98
2463	75
2464	97
2465	140
2466	45
2467	10
2468	97
2469	129
2470	98
2471	1
2472	102
2473	63
2474	36
2475	19
2476	85
2477	30
2478	85
2479	71
2480	40
2481	22
2482	2
2483	118
2484	1
2485	91
2486	101
2487	13
2488	8
2489	35
2490	86
2491	11
2492	99
2493	135
2494	5
2495	30
2496	108
2497	19
2498	22
2499	83
2500	71
2501	137
2502	63
2503	31
2504	15
2505	116
2506	4
2507	94
2508	157
2509	83
2510	113
2511	112
2512	121
2513	91
2514	13
2515	7
2516	10
2517	74
2518	6
2519	42
2520	30
2521	131
2522	110
2523	12
2524	15
2525	11
2526	29
2527	154
2528	3
2529	5
2530	30
2531	26
2532	19
2533	81
2534	85
2535	17
2536	10
2537	53
2538	82
2539	46
2540	114
2541	27
2542	2
2543	159
2544	246
2545	29
2546	9
2547	115
2548	51
2549	7
2550	134
2551	132
2552	129
2553	92
2554	147
2555	77
2556	119
2557	110
2558	26
2559	18
2560	138
2561	172
2562	134
2563	12
2564	93
2565	162
2566	3
2567	24
2568	104
2569	10
2570	1
2571	19
2572	27
2573	19
2574	133
2575	90
2576	123
2577	40
2578	18
2579	143
2580	103
2581	6
2582	23
2583	95
2584	36
2585	14
2586	31
2587	167
2588	19
2589	85
2590	72
2591	177
2592	86
2593	116
2594	169
2595	91
2596	3
2597	1
2598	98
2599	154
2600	12
2601	167
2602	176
2603	182
2604	65
2605	182
2606	15
2607	67
2608	183
2609	96
2610	47
2611	47
2612	197
2613	28
2614	30
2615	14
2616	175
2617	96
2618	111
2619	22
2620	157
2621	45
2622	6
2623	20
2624	126
2625	181
2626	180
2627	28
2628	32
2629	27
2630	124
2631	169
2632	115
2633	7
2634	34
2635	5
2636	20
2637	34
2638	34
2639	163
2640	34
2641	51
2642	18
2643	124
2644	99
2645	27
2646	48
2647	134
2648	45
2649	45
2650	122
2651	18
2652	7
2653	49
2654	72
2655	150
2656	168
2657	16
2658	49
2659	34
2660	57
2661	38
2662	1
2663	1
2664	1
2665	1
2666	1
2667	1
2668	1
2669	1
2670	3
2671	1
2672	1
2673	1
2674	2
2675	2
2676	2
2677	4
2678	4
2679	4
2680	2
2681	2
2682	2
2683	1
2684	5
2685	2
2686	1
2687	2
2688	2
2689	2
2690	8
2691	2
2692	1
2693	2
2694	4
2695	7
2696	1
2697	1
2698	2
2699	5
2700	2
2701	1
2702	3
2703	4
2704	3
2705	2
2706	5
2707	6
2708	2
2709	5
2710	2
2711	2
2712	3
2713	1
2714	1
2715	2
2716	1
2717	6
2718	6
2719	1
2720	7
2721	3
2722	2
2723	1
2724	4
2725	6
2726	4
2727	2
2728	2
2729	4
2730	6
2731	7
2732	4
2733	1
2734	1
2735	2
2736	4
2737	1
2738	6
2739	11
2740	4
2741	2
2742	5
2743	7
2744	9
2745	2
2746	4
2747	2
2748	2
2749	7
2750	8
2751	11
2752	4
2753	3
2754	8
2755	20
2756	12
2757	7
2758	14
2759	5
2760	2
2761	5
2762	6
2763	4
2764	12
2765	9
2766	5
2767	3
2768	2
2769	2
2770	3
2771	5
2772	2
2773	7
2774	10
2775	1
2776	6
2777	1
2778	17
2779	9
2780	3
2781	11
2782	10
2783	18
2784	5
2785	6
2786	10
2787	24
2788	10
2789	1
2790	4
2791	4
2792	3
2793	2
2794	12
2795	5
2796	6
2797	11
2798	8
2799	2
2800	1
2801	19
2802	3
2803	2
2804	4
2805	2
2806	1
2807	13
2808	5
2809	2
2810	4
2811	17
2812	2
2813	9
2814	10
2815	2
2816	16
2817	3
2818	2
2819	9
2820	4
2821	4
2822	6
2823	6
2824	8
2825	3
2826	5
2827	5
2828	17
2829	12
2830	6
2831	6
2832	5
2833	7
2834	10
2835	3
2836	13
2837	10
2838	5
2839	3
2840	39
2841	5
2842	7
2843	1
2844	9
2845	9
2846	8
2847	7
2848	1
2849	7
2850	15
2851	4
2852	6
2853	4
2854	14
2855	9
2856	1
2857	6
2858	1
2859	4
2860	7
2861	1
2862	3
2863	18
2864	27
2865	27
2866	13
2867	19
2868	25
2869	9
2870	20
2871	4
2872	9
2873	21
2874	19
2875	16
2876	15
2877	4
2878	28
2879	3
2880	3
2881	20
2882	15
2883	4
2884	8
2885	2
2886	3
2887	1
2888	13
2889	7
2890	6
2891	27
2892	8
2893	7
2894	3
2895	20
2896	2
2897	21
2898	20
2899	4
2900	3
2901	2
2902	22
2903	2
2904	6
2905	23
2906	27
2907	32
2908	12
2909	13
2910	31
2911	36
2912	29
2913	30
2914	31
2915	10
2916	33
2917	38
2918	11
2919	6
2920	33
2921	40
2922	11
2923	2
2924	8
2925	19
2926	38
2927	1
2928	40
2929	35
2930	23
2931	3
2932	23
2933	15
2934	1
2935	7
2936	2
2937	15
2938	22
2939	6
2940	21
2941	36
2942	6
2943	5
2944	47
2945	54
2946	30
2947	28
2948	4
2949	9
2950	5
2951	10
2952	26
2953	2
2954	17
2955	6
2956	16
2957	49
2958	6
2959	11
2960	7
2961	48
2962	4
2963	11
2964	1
2965	7
2966	5
2967	55
2968	12
2969	6
2970	43
2971	9
2972	4
2973	8
2974	19
2975	36
2976	2
2977	15
2978	18
2979	11
2980	12
2981	3
2982	10
2983	7
2984	5
2985	10
2986	35
2987	63
2988	10
2989	38
2990	20
2991	7
2992	20
2993	25
2994	27
2995	37
2996	6
2997	12
2998	7
2999	2
3000	17
3001	54
3002	17
3003	23
3004	4
3005	38
3006	11
3007	2
3008	12
3009	9
3010	9
3011	16
3012	21
3013	7
3014	9
3015	27
3016	6
3017	13
3018	28
3019	10
3020	31
3021	23
3022	15
3023	48
3024	25
3025	4
3026	30
3027	56
3028	34
3029	8
3030	34
3031	4
3032	1
3033	9
3034	53
3035	14
3036	36
3037	22
3038	3
3039	32
3040	7
3041	30
3042	13
3043	10
3044	9
3045	4
3046	5
3047	17
3048	35
3049	7
3050	31
3051	10
3052	43
3053	30
3054	3
3055	55
3056	3
3057	53
3058	10
3059	8
3060	4
3061	36
3062	8
3063	16
3064	8
3065	46
3066	36
3067	7
3068	6
3069	8
3070	7
3071	27
3072	1
3073	23
3074	48
3075	4
3076	17
3077	36
3078	24
3079	73
3080	24
3081	16
3082	14
3083	51
3084	7
3085	49
3086	41
3087	16
3088	24
3089	4
3090	24
3091	75
3092	6
3093	4
3094	7
3095	4
3096	7
3097	56
3098	20
3099	49
3100	6
3101	19
3102	58
3103	24
3104	9
3105	64
3106	6
3107	29
3108	26
3109	52
3110	11
3111	8
3112	20
3113	6
3114	32
3115	32
3116	30
3117	50
3118	46
3119	25
3120	55
3121	32
3122	4
3123	5
3124	24
3125	17
3126	2
3127	5
3128	5
3129	8
3130	25
3131	12
3132	4
3133	40
3134	7
3135	2
3136	28
3137	34
3138	33
3139	12
3140	13
3141	37
3142	6
3143	43
3144	3
3145	8
3146	36
3147	34
3148	5
3149	14
3150	52
3151	51
3152	7
3153	47
3154	8
3155	56
3156	11
3157	6
3158	9
3159	41
3160	4
3161	21
3162	3
3163	35
3164	18
3165	9
3166	6
3167	33
3168	9
3169	33
3170	37
3171	11
3172	14
3173	40
3174	12
3175	61
3176	4
3177	16
3178	26
3179	17
3180	46
3181	5
3182	6
3183	43
3184	1
3185	47
3186	51
3187	16
3188	19
3189	31
3190	11
3191	6
3192	24
3193	11
3194	21
3195	11
3196	61
3197	25
3198	2
3199	59
3200	13
3201	8
3202	60
3203	9
3204	15
3205	31
3206	8
3207	35
3208	26
3209	12
3210	18
3211	7
3212	19
3213	26
3214	29
3215	46
3216	17
3217	7
3218	5
3219	8
3220	22
3221	47
3222	19
3223	11
3224	13
3225	32
3226	17
3227	68
3228	3
3229	31
3230	11
3231	1
3232	23
3233	92
3234	48
3235	25
3236	5
3237	15
3238	21
3239	35
3240	38
3241	42
3242	14
3243	12
3244	21
3245	13
3246	11
3247	11
3248	46
3249	22
3250	12
3251	32
3252	8
3253	59
3254	40
3255	7
3256	28
3257	45
3258	35
3259	35
3260	22
3261	19
3262	37
3263	19
3264	49
3265	24
3266	39
3267	5
3268	53
3269	1
3270	8
3271	6
3272	5
3273	31
3274	21
3275	48
3276	23
3277	16
3278	55
3279	17
3280	19
3281	83
3282	7
3283	2
3284	10
3285	64
3286	22
3287	20
3288	38
3289	34
3290	15
3291	5
3292	89
3293	9
3294	51
3295	18
3296	39
3297	30
3298	54
3299	37
3300	46
3301	15
3302	36
3303	57
3304	33
3305	33
3306	4
3307	18
3308	16
3309	7
3310	12
3311	5
3312	8
3313	15
3314	30
3315	12
3316	13
3317	34
3318	6
3319	17
3320	21
3321	93
3322	53
3323	7
3324	6
3325	79
3326	16
3327	12
3328	43
3329	16
3330	16
3331	74
3332	30
3333	53
3334	5
3335	8
3336	56
3337	7
3338	23
3339	4
3340	66
3341	15
3342	28
3343	58
3344	13
3345	66
3346	56
3347	30
3348	65
3349	79
3350	10
3351	76
3352	75
3353	12
3354	54
3355	9
3356	48
3357	18
3358	14
3359	9
3360	16
3361	68
3362	14
3363	66
3364	123
3365	45
3366	40
3367	57
3368	9
3369	9
3370	41
3371	6
3372	12
3373	7
3374	17
3375	16
3376	3
3377	4
3378	28
3379	56
3380	24
3381	21
3382	51
3383	16
3384	17
3385	46
3386	53
3387	47
3388	92
3389	9
3390	7
3391	24
3392	49
3393	14
3394	19
3395	30
3396	35
3397	72
3398	111
3399	7
3400	36
3401	35
3402	5
3403	13
3404	51
3405	18
3406	13
3407	66
3408	2
3409	2
3410	16
3411	14
3412	61
3413	44
3414	3
3415	18
3416	29
3417	51
3418	87
3419	10
3420	62
3421	23
3422	20
3423	39
3424	16
3425	7
3426	9
3427	112
3428	9
3429	8
3430	5
3431	21
3432	23
3433	6
3434	65
3435	107
3436	49
3437	7
3438	5
3439	1
3440	1
3441	2
3442	1
3443	1
3444	1
3445	1
3446	1
3447	1
3448	1
3449	2
3450	3
3451	1
3452	1
3453	1
3454	1
3455	2
3456	2
3457	7
3458	1
3459	1
3460	1
3461	2
3462	2
3463	2
3464	1
3465	3
3466	1
3467	4
3468	1
3469	2
3470	6
3471	3
3472	2
3473	2
3474	1
3475	4
3476	3
3477	2
3478	1
3479	1
3480	1
3481	3
3482	2
3483	2
3484	1
3485	3
3486	4
3487	2
3488	2
3489	5
3490	1
3491	2
3492	5
3493	1
3494	3
3495	1
3496	9
3497	3
3498	2
3499	2
3500	2
3501	2
3502	11
3503	1
3504	1
3505	2
3506	6
3507	5
3508	2
3509	6
3510	3
3511	4
3512	3
3513	2
3514	2
3515	4
3516	4
3517	3
3518	6
3519	5
3520	3
3521	3
3522	12
3523	2
3524	3
3525	3
3526	6
3527	9
3528	4
3529	8
3530	9
3531	4
3532	3
3533	3
3534	6
3535	5
3536	6
3537	2
3538	1
3539	4
3540	1
3541	9
3542	3
3543	7
3544	6
3545	1
3546	21
3547	5
3548	3
3549	3
3550	6
3551	7
3552	6
3553	2
3554	10
3555	9
3556	6
3557	5
3558	8
3559	4
3560	9
3561	1
3562	4
3563	5
3564	5
3565	5
3566	2
3567	5
3568	3
3569	10
3570	6
3571	1
3572	3
3573	2
3574	9
3575	2
3576	1
3577	13
3578	13
3579	4
3580	5
3581	5
3582	6
3583	2
3584	5
3585	10
3586	5
3587	16
3588	3
3589	2
3590	1
3591	5
3592	6
3593	6
3594	16
3595	6
3596	5
3597	26
3598	3
3599	7
3600	8
3601	4
3602	9
3603	8
3604	3
3605	30
3606	13
3607	2
3608	4
3609	6
3610	9
3611	2
3612	26
3613	5
3614	8
3615	5
3616	9
3617	3
3618	11
3619	8
3620	1
3621	4
3622	5
3623	5
3624	8
3625	7
3626	14
3627	4
3628	10
3629	9
3630	14
3631	9
3632	4
3633	2
3634	26
3635	13
3636	11
3637	8
3638	3
3639	3
3640	7
3641	19
3642	3
3643	12
3644	5
3645	8
3646	11
3647	8
3648	4
3649	11
3650	10
3651	1
3652	13
3653	4
3654	1
3655	4
3656	5
3657	7
3658	6
3659	9
3660	4
3661	2
3662	2
3663	11
3664	6
3665	4
3666	3
3667	6
3668	10
3669	6
3670	2
3671	10
3672	3
3673	25
3674	4
3675	20
3676	6
3677	4
3678	28
3679	4
3680	7
3681	18
3682	7
3683	6
3684	7
3685	35
3686	12
3687	4
3688	16
3689	2
3690	2
3691	12
3692	2
3693	22
3694	19
3695	3
3696	11
3697	7
3698	11
3699	14
3700	3
3701	3
3702	6
3703	21
3704	6
3705	1
3706	18
3707	14
3708	14
3709	7
3710	1
3711	13
3712	14
3713	5
3714	14
3715	13
3716	8
3717	5
3718	1
3719	11
3720	15
3721	3
3722	18
3723	19
3724	7
3725	6
3726	9
3727	7
3728	3
3729	18
3730	1
3731	19
3732	23
3733	2
3734	1
3735	31
3736	12
3737	4
3738	27
3739	18
3740	8
3741	19
3742	9
3743	2
3744	11
3745	2
3746	4
3747	1
3748	12
3749	1
3750	2
3751	15
3752	3
3753	12
3754	16
3755	7
3756	5
3757	41
3758	9
3759	24
3760	12
3761	14
3762	16
3763	10
3764	7
3765	16
3766	2
3767	5
3768	5
3769	12
3770	11
3771	10
3772	4
3773	4
3774	11
3775	11
3776	6
3777	11
3778	8
3779	11
3780	14
3781	10
3782	2
3783	20
3784	8
3785	6
3786	15
3787	14
3788	4
3789	11
3790	5
3791	29
3792	14
3793	10
3794	30
3795	20
3796	3
3797	8
3798	33
3799	1
3800	9
3801	38
3802	1
3803	13
3804	17
3805	37
3806	3
3807	3
3808	2
3809	2
3810	11
3811	27
3812	2
3813	7
3814	4
3815	7
3816	11
3817	3
3818	8
3819	12
3820	9
3821	1
3822	16
3823	17
3824	11
3825	37
3826	23
3827	18
3828	8
3829	24
3830	31
3831	80
3832	19
3833	12
3834	21
3835	6
3836	21
3837	14
3838	14
3839	44
3840	5
3841	11
3842	27
3843	30
3844	7
3845	4
3846	16
3847	2
3848	10
3849	5
3850	3
3851	20
3852	50
3853	15
3854	1
3855	1
3856	14
3857	1
3858	9
3859	26
3860	4
3861	31
3862	14
3863	17
3864	10
3865	6
3866	4
3867	16
3868	24
3869	14
3870	26
3871	19
3872	7
3873	11
3874	28
3875	11
3876	1
3877	9
3878	44
3879	9
3880	1
3881	8
3882	18
3883	4
3884	13
3885	27
3886	2
3887	25
3888	4
3889	8
3890	13
3891	4
3892	19
3893	11
3894	5
3895	8
3896	13
3897	16
3898	3
3899	15
3900	6
3901	27
3902	6
3903	36
3904	15
3905	7
3906	8
3907	37
3908	24
3909	7
3910	18
3911	4
3912	7
3913	14
3914	18
3915	5
3916	19
3917	6
3918	15
3919	28
3920	12
3921	12
3922	30
3923	2
3924	7
3925	37
3926	4
3927	36
3928	23
3929	3
3930	14
3931	44
3932	21
3933	8
3934	19
3935	10
3936	1
3937	6
3938	13
3939	77
3940	3
3941	10
3942	7
3943	2
3944	24
3945	11
3946	32
3947	4
3948	29
3949	56
3950	12
3951	15
3952	33
3953	4
3954	4
3955	4
3956	3
3957	22
3958	17
3959	9
3960	2
3961	16
3962	7
3963	38
3964	6
3965	14
3966	4
3967	46
3968	16
3969	45
3970	25
3971	6
3972	47
3973	18
3974	8
3975	1
3976	15
3977	15
3978	6
3979	4
3980	12
3981	1
3982	1
3983	1
3984	1
3985	1
3986	1
3987	2
3988	1
3989	3
3990	2
3991	1
3992	2
3993	1
3994	3
3995	3
3996	4
3997	2
3998	4
3999	5
4000	2
4001	4
4002	1
4003	3
4004	2
4005	4
4006	3
4007	1
4008	2
4009	1
4010	7
4011	1
4012	3
4013	2
4014	3
4015	6
4016	1
4017	3
4018	6
4019	5
4020	6
4021	3
4022	9
4023	1
4024	14
4025	1
4026	4
4027	8
4028	4
4029	2
4030	2
4031	19
4032	10
4033	2
4034	3
4035	2
4036	1
4037	2
4038	4
4039	9
