1 2
2 2
3 6
4 3
5 0
6 4
7 2
8 3
9 6
10 1
11 4
12 2
13 5
14 3
15 3
16 3
17 2
18 2
19 3
20 2
21 6
22 1
23 5
24 2
25 3
26 2
27 1
28 4
29 1
30 2
31 5
32 1
33 0
34 5
35 2
36 3
37 2
38 3
39 1
40 4
41 0
42 3
43 4
44 3
45 3
46 6
47 2
48 0
49 3
50 2
51 1
52 6
53 0
54 1
55 6
56 0
57 5
58 2
59 5
60 6
61 3
62 5
63 2
64 1
65 3
66 3
67 5
68 5
69 3
70 4
71 1
72 1
73 1
74 3
75 1
76 5
77 0
78 5
79 2
80 0
81 1
82 4
83 5
84 4
85 2
86 5
87 3
88 0
89 5
90 0
91 5
92 5
93 3
94 6
95 4
96 4
97 3
98 0
99 2
100 2
101 1
102 4
103 4
104 4
105 6
106 0
107 6
108 0
109 4
110 6
111 3
112 5
113 1
114 3
115 3
116 2
117 1
118 4
119 2
120 2
121 3
122 3
123 0
124 0
125 1
126 6
127 2
128 1
129 2
130 3
131 5
132 2
133 6
134 3
135 1
136 0
137 6
138 4
139 2
140 0
141 3
142 4
143 4
144 2
145 2
146 6
147 4
148 4
149 0
150 5
151 6
152 1
153 6
154 3
155 6
156 2
157 6
158 0
159 0
160 0
161 4
162 6
163 0
164 1
165 1
166 5
167 0
168 6
169 6
170 2
171 2
172 5
173 6
174 5
175 0
176 4
177 5
178 6
179 0
180 6
181 0
182 0
183 3
184 0
185 0
186 3
187 2
188 3
189 5
190 3
191 5
192 5
193 4
194 5
195 2
196 0
197 2
198 4
199 0
200 3
201 1
202 1
203 1
204 6
205 6
206 0
207 4
208 4
209 4
210 4
211 2
212 3
213 4
214 4
215 2
216 4
217 1
218 6
219 3
220 0
221 2
222 2
223 0
224 1
225 1
226 5
227 3
228 6
229 2
230 6
231 6
232 4
233 6
234 4
235 6
236 0
237 6
238 3
239 2
240 1
241 0
242 5
243 3
244 4
245 5
246 4
247 1
248 4
249 6
250 6
251 3
252 4
253 1
254 2
255 2
256 1
257 4
258 4
259 0
260 6
261 5
262 1
263 2
264 4
265 5
266 1
267 4
268 4
269 0
270 2
271 2
272 2
273 6
274 6
275 6
276 4
277 2
278 0
279 2
280 2
281 1
282 1
283 5
284 6
285 5
286 2
287 2
288 1
289 5
290 4
291 5
292 6
293 3
294 4
295 6
296 6
297 0
298 2
299 3
300 3
301 3
302 1
303 4
304 3
305 6
306 1
307 6
308 4
309 1
310 5
311 6
312 2
313 5
314 4
315 2
316 0
317 3
318 2
319 4
320 6
321 6
322 1
323 1
324 6
325 2
326 6
327 6
328 6
329 5
330 5
331 1
332 5
333 1
334 5
335 6
336 3
337 0
338 6
339 4
340 6
341 1
342 4
343 1
344 3
345 1
346 1
347 1
348 6
349 1
350 5
351 0
352 0
353 3
354 5
355 3
356 6
357 4
358 1
359 1
360 3
361 4
362 5
363 0
364 2
365 6
366 6
367 3
368 5
369 4
370 4
371 1
372 2
373 6
374 2
375 5
376 1
377 2
378 2
379 3
380 2
381 4
382 2
383 5
384 3
385 6
386 5
387 6
388 1
389 4
390 6
391 1
392 4
393 4
394 6
395 0
396 1
397 6
398 1
399 6
400 4
401 1
402 0
403 0
404 3
405 3
406 4
407 4
408 4
409 0
410 3
411 1
412 6
413 4
414 4
415 1
416 0
417 5
418 5
419 5
420 6
421 1
422 4
423 2
424 3
425 4
426 4
427 4
428 6
429 0
430 5
431 1
432 6
433 3
434 5
435 0
436 4
437 2
438 2
439 3
440 1
441 4
442 5
443 4
444 0
445 2
446 6
447 1
448 4
449 1
450 3
451 2
452 0
453 6
454 0
455 5
456 0
457 0
458 6
459 0
460 4
461 6
462 1
463 2
464 2
465 1
466 1
467 4
468 6
469 1
470 4
471 3
472 2
473 1
474 5
475 6
476 5
477 6
478 1
479 1
480 2
481 2
482 5
483 4
484 0
485 4
486 3
487 0
488 4
489 4
490 2
491 3
492 5
493 0
494 0
495 4
496 3
497 6
498 3
499 4
500 1
501 2
502 0
503 0
504 3
505 6
506 5
507 5
508 0
509 2
510 2
511 1
512 1
513 0
514 4
515 5
516 2
517 5
518 5
519 6
520 1
521 3
522 5
523 6
524 5
525 3
526 4
527 1
528 5
529 0
530 2
531 4
532 2
533 4
534 4
535 1
536 6
537 5
538 4
539 2
540 2
541 5
542 0
543 2
544 3
545 6
546 0
547 5
548 4
549 0
550 6
551 6
552 6
553 5
554 1
555 4
556 6
557 4
558 6
559 2
560 0
561 5
562 4
563 5
564 5
565 2
566 3
567 1
568 3
569 1
570 6
571 6
572 5
573 4
574 6
575 6
576 2
577 2
578 0
579 1
580 0
581 1
582 5
583 0
584 3
585 4
586 5
587 3
588 6
589 0
590 5
591 1
592 4
593 6
594 1
595 2
596 6
597 2
598 5
599 3
600 1
601 0
602 1
603 4
604 6
605 2
606 2
607 6
608 5
609 0
610 2
611 0
612 2
613 1
614 2
615 4
616 5
617 5
618 2
619 1
620 5
621 3
622 0
623 5
624 6
625 0
626 3
627 5
628 4
629 3
630 2
631 4
632 5
633 2
634 3
635 2
636 4
637 4
638 0
639 5
640 2
641 2
642 2
643 1
644 3
645 4
646 4
647 1
648 3
649 2
650 4
651 4
652 2
653 5
654 0
655 1
656 4
657 1
658 4
659 0
660 6
661 3
662 6
663 5
664 3
665 6
666 0
667 5
668 5
669 1
670 3
671 6
672 1
673 5
674 4
675 5
676 4
677 5
678 6
679 2
680 2
681 4
682 2
683 6
684 0
685 0
686 4
687 4
688 2
689 6
690 0
691 6
692 1
693 6
694 0
695 6
696 2
697 6
698 0
699 5
700 5
701 1
702 0
703 3
704 4
705 3
706 1
707 0
708 0
709 3
710 3
711 2
712 3
713 0
714 6
715 0
716 0
717 3
718 3
719 3
720 5
721 1
722 2
723 1
724 2
725 3
726 6
727 2
728 0
729 2
730 2
731 1
732 5
733 0
734 2
735 3
736 3
737 4
738 4
739 2
740 0
741 3
742 4
743 6
744 1
745 1
746 1
747 2
748 2
749 2
750 1
751 3
752 1
753 2
754 5
755 3
756 0
757 1
758 5
759 6
760 1
761 4
762 1
763 2
764 2
765 4
766 4
767 0
768 0
769 3
770 3
771 1
772 1
773 3
774 3
775 0
776 0
777 4
778 0
779 0
780 3
781 3
782 6
783 3
784 3
785 5
786 0
787 0
788 0
789 2
790 5
791 6
792 2
793 0
794 0
795 6
796 2
797 1
798 6
799 0
800 2
801 5
802 6
803 2
804 5
805 1
806 2
807 6
808 2
809 5
810 4
811 0
812 5
813 5
814 4
815 1
816 4
817 5
818 3
819 0
820 4
821 3
822 4
823 4
824 1
825 4
826 0
827 6
828 1
829 6
830 5
831 3
832 3
833 4
834 0
835 2
836 4
837 2
838 0
839 1
840 6
841 0
842 1
843 3
844 0
845 5
846 4
847 1
848 5
849 2
850 2
851 0
852 6
853 5
854 3
855 2
856 1
857 6
858 1
859 6
860 5
861 1
862 0
863 6
864 5
865 6
866 0
867 1
868 5
869 4
870 1
871 2
872 6
873 6
874 1
875 1
876 6
877 1
878 4
879 6
880 0
881 0
882 0
883 6
884 5
885 5
886 2
887 4
888 5
889 2
890 2
891 5
892 5
893 0
894 3
895 5
896 0
897 3
898 5
899 3
900 6
901 3
902 1
903 4
904 2
905 5
906 4
907 4
908 4
909 2
910 2
911 4
912 0
913 6
914 5
915 5
916 3
917 4
918 2
919 3
920 6
921 5
922 2
923 5
924 1
925 3
926 0
927 5
928 6
929 4
930 5
931 4
932 0
933 3
934 1
935 2
936 6
937 4
938 3
939 0
940 3
941 5
942 2
943 1
944 3
945 0
946 3
947 6
948 3
949 1
950 2
951 3
952 6
953 2
954 4
955 3
956 4
957 0
958 4
959 2
960 4
961 5
962 1
963 3
964 0
965 6
966 5
967 2
968 6
969 6
970 4
971 4
972 6
973 6
974 1
975 4
976 4
977 1
978 1
979 4
980 5
981 5
982 6
983 1
984 0
985 1
986 3
987 3
988 6
989 0
990 0
991 2
992 3
993 5
994 5
995 3
996 5
997 3
998 0
999 1
1000 5
1001 3
1002 5
1003 5
1004 2
1005 4
1006 1
1007 6
1008 2
1009 6
1010 4
1011 6
1012 4
1013 1
1014 6
1015 4
1016 6
1017 4
1018 5
1019 2
1020 5
1021 0
1022 3
1023 2
1024 3
1025 5
1026 5
1027 6
1028 4
1029 1
1030 4
1031 2
1032 3
1033 3
1034 0
1035 0
1036 4
1037 1
1038 3
1039 4
1040 6
1041 5
1042 0
1043 0
1044 0
1045 1
1046 3
1047 3
1048 5
1049 1
1050 6
1051 4
1052 5
1053 6
1054 0
1055 0
1056 2
1057 3
1058 5
1059 2
1060 4
1061 2
1062 0
1063 5
1064 4
1065 6
1066 3
1067 6
1068 3
1069 1
1070 2
1071 4
1072 5
1073 4
1074 1
1075 1
1076 4
1077 1
1078 1
1079 5
1080 4
1081 1
1082 3
1083 3
1084 3
1085 0
1086 2
1087 3
1088 4
1089 4
1090 4
1091 2
1092 1
1093 5
1094 2
1095 2
1096 6
1097 5
1098 2
1099 4
1100 5
1101 0
1102 3
1103 1
1104 3
1105 3
1106 4
1107 2
1108 0
1109 6
1110 5
1111 5
1112 3
1113 6
1114 6
1115 0
1116 3
1117 2
1118 4
1119 4
1120 0
1121 2
1122 1
1123 2
1124 4
1125 6
1126 1
1127 2
1128 5
1129 6
1130 2
1131 4
1132 2
1133 1
1134 3
1135 0
1136 4
1137 5
1138 5
1139 4
1140 2
1141 4
1142 2
1143 0
1144 6
1145 2
1146 2
1147 4
1148 5
1149 6
1150 3
1151 3
1152 6
1153 4
1154 6
1155 6
1156 4
1157 0
1158 6
1159 0
1160 0
1161 5
1162 6
1163 3
1164 2
1165 2
1166 4
1167 2
1168 0
1169 5
1170 4
1171 1
1172 6
1173 5
1174 0
1175 2
1176 1
1177 2
1178 1
1179 1
1180 3
1181 4
1182 5
1183 5
1184 5
1185 0
1186 1
1187 0
1188 4
1189 2
1190 3
1191 3
1192 5
1193 2
1194 6
1195 2
1196 0
1197 2
1198 1
1199 6
1200 3
1201 6
1202 1
1203 2
1204 1
1205 4
1206 4
1207 5
1208 0
1209 6
1210 4
1211 4
1212 2
1213 6
1214 1
1215 4
1216 5
1217 5
1218 3
1219 1
1220 1
1221 1
1222 0
1223 5
1224 5
1225 6
1226 3
1227 6
1228 3
1229 5
1230 1
1231 4
1232 5
1233 3
1234 1
1235 3
1236 5
1237 0
1238 5
1239 6
1240 0
1241 1
1242 4
1243 2
1244 2
1245 3
1246 1
1247 4
1248 2
1249 4
1250 4
1251 0
1252 6
1253 6
1254 4
1255 3
1256 3
1257 0
1258 6
1259 4
1260 0
1261 2
1262 0
1263 5
1264 2
1265 0
1266 3
1267 0
1268 0
1269 3
1270 1
1271 4
1272 3
1273 0
1274 0
1275 5
1276 6
1277 5
1278 2
1279 4
1280 2
1281 5
1282 1
1283 0
1284 3
1285 5
1286 0
1287 6
1288 3
1289 3
1290 0
1291 3
1292 2
1293 0
1294 5
1295 3
1296 2
1297 2
1298 6
1299 6
1300 2
1301 1
1302 1
1303 1
1304 5
1305 5
1306 2
1307 3
1308 1
1309 1
1310 4
1311 4
1312 3
1313 3
1314 3
1315 6
1316 6
1317 5
1318 6
1319 0
1320 5
1321 4
1322 0
1323 6
1324 0
1325 1
1326 2
1327 5
1328 6
1329 4
1330 6
1331 2
1332 3
1333 5
1334 0
1335 1
1336 2
1337 1
1338 3
1339 5
1340 0
1341 2
1342 2
1343 6
1344 2
1345 6
1346 4
1347 5
1348 3
1349 0
1350 2
1351 3
1352 4
1353 5
1354 3
1355 0
1356 0
1357 6
1358 5
1359 1
1360 6
1361 6
1362 0
1363 3
1364 6
1365 6
1366 0
1367 1
1368 2
1369 0
1370 6
1371 5
1372 0
1373 6
1374 6
1375 1
1376 2
1377 0
1378 0
1379 5
1380 6
1381 4
1382 3
1383 0
1384 5
1385 4
1386 2
1387 0
1388 2
1389 5
1390 6
1391 0
1392 3
1393 6
1394 6
1395 0
1396 0
1397 6
1398 0
1399 2
1400 2
1401 3
1402 4
1403 5
1404 2
1405 3
1406 3
1407 3
1408 5
1409 5
1410 5
1411 2
1412 5
1413 1
1414 1
1415 2
1416 6
1417 1
1418 5
1419 1
1420 2
1421 5
1422 2
1423 0
1424 2
1425 2
1426 3
1427 5
1428 0
1429 2
1430 2
1431 4
1432 4
1433 3
1434 1
1435 3
1436 0
1437 2
1438 5
1439 0
1440 5
1441 0
1442 1
1443 4
1444 4
1445 0
1446 4
1447 1
1448 6
1449 0
1450 6
1451 1
1452 4
1453 3
1454 5
1455 2
1456 0
1457 3
1458 5
1459 5
1460 5
1461 6
1462 1
1463 0
1464 0
1465 0
1466 1
1467 0
1468 6
1469 6
1470 0
1471 4
1472 3
1473 0
1474 4
1475 0
1476 4
1477 5
1478 3
1479 3
1480 1
1481 4
1482 1
1483 4
1484 3
1485 5
1486 5
1487 4
1488 1
1489 5
1490 3
1491 2
1492 3
1493 6
1494 2
1495 4
1496 3
1497 1
1498 1
1499 6
1500 4
1501 3
1502 3
1503 6
1504 2
1505 5
1506 5
1507 6
1508 3
1509 4
1510 2
1511 3
1512 6
1513 2
1514 1
1515 3
1516 2
1517 2
1518 1
1519 5
1520 5
1521 2
1522 5
1523 4
1524 2
1525 5
1526 6
1527 5
1528 0
1529 0
1530 6
1531 5
1532 6
1533 0
1534 2
1535 5
1536 2
1537 4
1538 0
1539 4
1540 3
1541 6
1542 2
1543 6
1544 5
1545 0
1546 1
1547 5
1548 4
1549 6
1550 1
1551 3
1552 5
1553 0
1554 6
1555 2
1556 1
1557 0
1558 1
1559 2
1560 3
1561 4
1562 0
1563 1
1564 1
1565 6
1566 1
1567 5
1568 2
1569 2
1570 3
1571 5
1572 0
1573 3
1574 4
1575 1
1576 5
1577 0
1578 1
1579 1
1580 5
1581 5
1582 6
1583 4
1584 6
1585 4
1586 5
1587 0
1588 4
1589 5
1590 4
1591 1
1592 1
1593 4
1594 3
1595 0
1596 5
1597 0
1598 0
1599 0
1600 1
1601 5
1602 0
1603 3
1604 6
1605 0
1606 5
1607 5
1608 0
1609 2
1610 5
1611 2
1612 0
1613 4
1614 6
1615 0
1616 3
1617 6
1618 2
1619 6
1620 4
1621 0
1622 0
1623 4
1624 5
1625 2
1626 3
1627 0
1628 6
1629 3
1630 2
1631 5
1632 4
1633 1
1634 6
1635 4
1636 1
1637 3
1638 4
1639 1
1640 2
1641 5
1642 1
1643 3
1644 2
1645 2
1646 1
1647 2
1648 1
1649 1
1650 2
1651 4
1652 4
1653 4
1654 0
1655 4
1656 6
1657 2
1658 2
1659 6
1660 2
1661 3
1662 0
1663 2
1664 4
1665 4
1666 5
1667 0
1668 1
1669 5
1670 6
1671 1
1672 5
1673 6
1674 4
1675 2
1676 6
1677 4
1678 4
1679 5
1680 2
1681 0
1682 1
1683 0
1684 6
1685 2
1686 1
1687 4
1688 4
1689 1
1690 1
1691 5
1692 0
1693 2
1694 5
1695 5
1696 2
1697 1
1698 4
1699 1
1700 3
1701 2
1702 2
1703 0
1704 0
1705 2
1706 1
1707 3
1708 5
1709 0
1710 4
1711 6
1712 4
1713 1
1714 5
1715 1
1716 0
1717 0
1718 0
1719 0
1720 0
1721 1
1722 5
1723 4
1724 4
1725 2
1726 5
1727 5
1728 4
1729 2
1730 5
1731 4
1732 1
1733 2
1734 2
1735 3
1736 0
1737 5
1738 0
1739 0
1740 1
1741 6
1742 2
1743 6
1744 1
1745 3
1746 3
1747 3
1748 4
1749 5
1750 2
1751 5
1752 4
1753 1
1754 4
1755 5
1756 2
1757 0
1758 0
1759 1
1760 6
1761 2
1762 1
1763 0
1764 6
1765 0
1766 1
1767 4
1768 6
1769 6
1770 2
1771 5
1772 0
1773 2
1774 3
1775 2
1776 0
1777 4
1778 1
1779 5
1780 5
1781 3
1782 3
1783 6
1784 0
1785 3
1786 2
1787 2
1788 6
1789 1
1790 6
1791 2
1792 0
1793 1
1794 1
1795 2
1796 1
1797 3
1798 3
1799 4
1800 6
1801 2
1802 0
1803 2
1804 6
1805 0
1806 1
1807 2
1808 2
1809 0
1810 0
1811 6
1812 3
1813 3
1814 5
1815 0
1816 0
1817 0
1818 5
1819 3
1820 0
1821 5
1822 3
1823 0
1824 6
1825 6
1826 3
1827 3
1828 3
1829 2
1830 6
1831 5
1832 6
1833 3
1834 4
1835 2
1836 1
1837 2
1838 4
1839 6
1840 4
1841 3
1842 6
1843 2
1844 3
1845 6
1846 5
1847 2
1848 5
1849 0
1850 5
1851 3
1852 4
1853 6
1854 5
1855 3
1856 2
1857 6
1858 1
1859 1
1860 3
1861 6
1862 3
1863 2
1864 1
1865 6
1866 1
1867 1
1868 2
1869 5
1870 3
1871 1
1872 2
1873 2
1874 0
1875 5
1876 0
1877 5
1878 0
1879 5
1880 6
1881 1
1882 6
1883 0
1884 0
1885 4
1886 2
1887 5
1888 3
1889 6
1890 3
1891 0
1892 3
1893 1
1894 3
1895 1
1896 6
1897 6
1898 6
1899 1
1900 3
1901 5
1902 3
1903 1
1904 5
1905 3
1906 1
1907 3
1908 0
1909 6
1910 0
1911 3
1912 5
1913 0
1914 3
1915 2
1916 5
1917 2
1918 4
1919 0
1920 2
1921 1
1922 0
1923 1
1924 4
1925 6
1926 6
1927 4
1928 3
1929 6
1930 3
1931 0
1932 4
1933 5
1934 5
1935 4
1936 6
1937 5
1938 0
1939 0
1940 4
1941 4
1942 2
1943 3
1944 4
1945 2
1946 6
1947 0
1948 4
1949 1
1950 0
1951 1
1952 1
1953 3
1954 2
1955 0
1956 3
1957 2
1958 2
1959 6
1960 4
1961 0
1962 4
1963 3
1964 4
1965 2
1966 3
1967 5
1968 3
1969 3
1970 1
1971 6
1972 4
1973 4
1974 2
1975 6
1976 4
1977 6
1978 1
1979 2
1980 6
1981 0
1982 1
1983 2
1984 3
1985 0
1986 5
1987 0
1988 2
1989 4
1990 1
1991 3
1992 2
1993 3
1994 4
1995 4
1996 2
1997 5
1998 3
1999 1
2000 4
2001 3
2002 2
2003 1
2004 6
2005 6
2006 6
2007 2
2008 6
2009 0
2010 5
2011 5
2012 3
2013 3
2014 0
2015 5
2016 5
2017 1
2018 5
2019 5
2020 2
2021 2
2022 6
2023 0
2024 5
2025 5
2026 0
2027 2
2028 4
2029 0
2030 5
2031 1
2032 3
2033 6
2034 2
2035 4
2036 5
2037 2
2038 3
2039 5
2040 0
2041 0
2042 1
2043 4
2044 4
2045 5
2046 5
2047 5
2048 1
2049 1
2050 3
2051 2
2052 6
2053 2
2054 6
2055 0
2056 5
2057 6
2058 4
2059 2
2060 5
2061 5
2062 5
2063 5
2064 6
2065 5
2066 4
2067 4
2068 4
2069 3
2070 3
2071 6
2072 4
2073 0
2074 6
2075 0
2076 0
2077 3
2078 5
2079 3
2080 1
2081 0
2082 2
2083 6
2084 1
2085 0
2086 1
2087 5
2088 0
2089 0
2090 3
2091 2
2092 2
2093 2
2094 1
2095 3
2096 0
2097 1
2098 5
2099 3
2100 3
2101 2
2102 5
2103 6
2104 3
2105 6
2106 3
2107 0
2108 2
2109 3
2110 5
2111 4
2112 1
2113 0
2114 2
2115 3
2116 2
2117 0
2118 1
2119 2
2120 5
2121 3
2122 0
2123 2
2124 3
2125 6
2126 4
2127 3
2128 3
2129 1
2130 0
2131 1
2132 5
2133 4
2134 1
2135 3
2136 3
2137 0
2138 1
2139 6
2140 2
2141 0
2142 2
2143 4
2144 1
2145 5
2146 5
2147 6
2148 6
2149 5
2150 0
2151 4
2152 3
2153 2
2154 0
2155 3
2156 3
2157 1
2158 2
2159 4
2160 1
2161 5
2162 4
2163 4
2164 4
2165 1
2166 3
2167 6
2168 3
2169 0
2170 5
2171 1
2172 1
2173 6
2174 1
2175 3
2176 6
2177 2
2178 5
2179 6
2180 0
2181 5
2182 3
2183 5
2184 3
2185 1
2186 0
2187 0
2188 2
2189 2
2190 2
2191 1
2192 1
2193 3
2194 2
2195 6
2196 6
2197 5
2198 4
2199 6
2200 1
2201 4
2202 5
2203 2
2204 4
2205 0
2206 5
2207 5
2208 6
2209 4
2210 5
2211 2
2212 3
2213 1
2214 3
2215 1
2216 3
2217 4
2218 0
2219 5
2220 0
2221 4
2222 5
2223 6
2224 5
2225 0
2226 6
2227 4
2228 2
2229 0
2230 5
2231 4
2232 3
2233 0
2234 4
2235 4
2236 1
2237 1
2238 4
2239 0
2240 4
2241 0
2242 3
2243 6
2244 2
2245 0
2246 6
2247 2
2248 5
2249 4
2250 2
2251 4
2252 6
2253 6
2254 1
2255 5
2256 1
2257 3
2258 3
2259 6
2260 3
2261 1
2262 1
2263 4
2264 3
2265 5
2266 0
2267 0
2268 6
2269 4
2270 2
2271 1
2272 2
2273 0
2274 3
2275 4
2276 6
2277 0
2278 4
2279 5
2280 2
2281 0
2282 4
2283 2
2284 2
2285 4
2286 0
2287 2
2288 3
2289 6
2290 0
2291 0
2292 5
2293 5
2294 6
2295 0
2296 6
2297 0
2298 2
2299 5
2300 4
2301 0
2302 0
2303 2
2304 5
2305 4
2306 4
2307 4
2308 2
2309 6
2310 2
2311 4
2312 0
2313 6
2314 3
2315 0
2316 2
2317 6
2318 4
2319 2
2320 4
2321 0
2322 4
2323 2
2324 1
2325 5
2326 0
2327 2
2328 4
2329 5
2330 1
2331 6
2332 1
2333 1
2334 4
2335 0
2336 5
2337 4
2338 0
2339 1
2340 4
2341 5
2342 6
2343 1
2344 1
2345 3
2346 5
2347 0
2348 4
2349 6
2350 1
2351 3
2352 2
2353 4
2354 1
2355 1
2356 4
2357 6
2358 2
2359 5
2360 1
2361 1
2362 3
2363 0
2364 0
2365 6
2366 4
2367 0
2368 6
2369 4
2370 1
2371 1
2372 4
2373 0
2374 1
2375 5
2376 4
2377 1
2378 6
2379 4
2380 0
2381 4
2382 2
2383 6
2384 4
2385 0
2386 1
2387 6
2388 5
2389 2
2390 2
2391 5
2392 4
2393 5
2394 2
2395 1
2396 1
2397 4
2398 1
2399 0
2400 0
2401 1
2402 4
2403 5
2404 1
2405 2
2406 6
2407 4
2408 4
2409 0
2410 2
2411 4
2412 3
2413 5
2414 4
2415 2
2416 0
2417 4
2418 4
2419 0
2420 1
2421 0
2422 3
2423 4
2424 3
2425 2
2426 0
2427 1
2428 4
2429 1
2430 6
2431 2
2432 3
2433 1
2434 6
2435 1
2436 1
2437 5
2438 1
2439 3
2440 4
2441 2
2442 3
2443 0
2444 5
2445 5
2446 2
2447 2
2448 4
2449 6
2450 2
2451 3
2452 1
2453 5
2454 0
2455 1
2456 2
2457 0
2458 0
2459 1
2460 0
2461 4
2462 6
2463 4
2464 5
2465 2
2466 6
2467 2
2468 2
2469 3
2470 0
2471 4
2472 0
2473 5
2474 4
2475 0
2476 1
2477 0
2478 1
2479 2
2480 2
2481 4
2482 5
2483 3
2484 6
2485 4
2486 5
2487 0
2488 2
2489 4
2490 2
2491 1
2492 5
2493 3
2494 0
2495 3
2496 5
2497 6
2498 6
2499 2
2500 5
2501 0
2502 5
2503 4
2504 5
2505 5
2506 3
2507 5
2508 5
2509 3
2510 4
2511 2
2512 6
2513 5
2514 6
2515 0
2516 5
2517 0
2518 6
2519 5
2520 1
2521 2
2522 1
2523 6
2524 2
2525 0
2526 6
2527 0
2528 2
2529 5
2530 0
2531 5
2532 3
2533 3
2534 2
2535 2
2536 5
2537 3
2538 0
2539 2
2540 6
2541 1
2542 5
2543 1
2544 4
2545 4
2546 1
2547 3
2548 0
2549 3
2550 0
2551 0
2552 3
2553 5
2554 5
2555 2
2556 1
2557 4
2558 0
2559 2
2560 6
2561 2
2562 6
2563 6
2564 3
2565 2
2566 6
2567 2
2568 2
2569 6
2570 4
2571 1
2572 3
2573 1
2574 3
2575 4
2576 3
2577 0
2578 2
2579 3
2580 1
2581 0
2582 5
2583 6
2584 1
2585 5
2586 4
2587 3
2588 3
2589 0
2590 4
2591 4
2592 0
2593 2
2594 2
2595 4
2596 6
2597 6
2598 1
2599 1
2600 6
2601 3
2602 5
2603 4
2604 0
2605 4
2606 6
2607 3
2608 2
2609 3
2610 4
2611 0
2612 2
2613 4
2614 0
2615 4
2616 6
2617 0
2618 5
2619 5
2620 3
2621 1
2622 3
2623 1
2624 4
2625 4
2626 5
2627 2
2628 5
2629 6
2630 5
2631 1
2632 1
2633 5
2634 6
2635 2
2636 1
2637 6
2638 6
2639 6
2640 0
2641 3
2642 2
2643 0
2644 1
2645 3
2646 1
2647 1
2648 5
2649 2
2650 4
2651 2
2652 6
2653 2
2654 0
2655 6
2656 0
2657 5
2658 5
2659 0
2660 5
2661 0
2662 0
2663 4
2664 2
2665 6
2666 5
2667 1
2668 3
2669 5
2670 2
2671 0
2672 2
2673 5
2674 4
2675 6
2676 4
2677 6
2678 6
2679 2
2680 1
2681 0
2682 4
2683 1
2684 4
2685 2
2686 0
2687 4
2688 2
2689 5
2690 5
2691 2
2692 2
2693 2
2694 4
2695 0
2696 0
2697 4
2698 4
2699 6
2700 0
2701 0
2702 5
2703 1
2704 1
2705 6
2706 4
2707 3
2708 0
2709 0
2710 2
2711 6
2712 3
2713 0
2714 6
2715 2
2716 3
2717 4
2718 6
2719 6
2720 1
2721 1
2722 5
2723 0
2724 4
2725 1
2726 1
2727 5
2728 3
2729 0
2730 4
2731 5
2732 0
2733 5
2734 3
2735 0
2736 5
2737 1
2738 3
2739 5
2740 3
2741 4
2742 3
2743 3
2744 4
2745 2
2746 1
2747 5
2748 2
2749 6
2750 1
2751 5
2752 5
2753 2
2754 3
2755 5
2756 5
2757 3
2758 1
2759 0
2760 3
2761 1
2762 4
2763 5
2764 5
2765 1
2766 1
2767 0
2768 4
2769 3
2770 3
2771 0
2772 6
2773 3
2774 3
2775 2
2776 4
2777 5
2778 0
2779 1
2780 0
2781 0
2782 6
2783 6
2784 5
2785 4
2786 4
2787 2
2788 4
2789 2
2790 3
2791 1
2792 1
2793 5
2794 2
2795 3
2796 2
2797 0
2798 2
2799 4
2800 2
2801 4
2802 1
2803 5
2804 5
2805 2
2806 0
2807 5
2808 2
2809 5
2810 1
2811 3
2812 6
2813 4
2814 3
2815 1
2816 4
2817 0
2818 5
2819 6
2820 0
2821 5
2822 5
2823 5
2824 6
2825 4
2826 4
2827 2
2828 0
2829 3
2830 1
2831 6
2832 4
2833 0
2834 2
2835 3
2836 1
2837 5
2838 4
2839 5
2840 4
2841 3
2842 5
2843 5
2844 3
2845 0
2846 6
2847 1
2848 2
2849 6
2850 5
2851 4
2852 1
2853 4
2854 2
2855 3
2856 5
2857 2
2858 1
2859 3
2860 2
2861 0
2862 4
2863 3
2864 2
2865 2
2866 5
2867 1
2868 2
2869 2
2870 5
2871 1
2872 6
2873 3
2874 0
2875 0
2876 6
2877 2
2878 3
2879 5
2880 2
2881 1
2882 0
2883 2
2884 3
2885 0
2886 1
2887 2
2888 4
2889 0
2890 0
2891 4
2892 4
2893 2
2894 0
2895 1
2896 1
2897 3
2898 6
2899 1
2900 3
2901 2
2902 3
2903 4
2904 3
2905 0
2906 2
2907 4
2908 1
2909 4
2910 2
2911 0
2912 6
2913 1
2914 6
2915 2
2916 5
2917 1
2918 4
2919 0
2920 3
2921 2
2922 1
2923 0
2924 5
2925 5
2926 3
2927 3
2928 6
2929 3
2930 4
2931 2
2932 1
2933 2
2934 6
2935 6
2936 6
2937 5
2938 2
2939 4
2940 1
2941 2
2942 6
2943 1
2944 4
2945 0
2946 4
2947 5
2948 6
2949 3
2950 5
2951 5
2952 0
2953 1
2954 0
2955 4
2956 6
2957 2
2958 2
2959 0
2960 6
2961 3
2962 0
2963 5
2964 4
2965 3
2966 5
2967 3
2968 0
2969 1
2970 5
2971 4
2972 0
2973 0
2974 3
2975 5
2976 1
2977 0
2978 2
2979 4
2980 1
2981 6
2982 2
2983 5
2984 6
2985 6
2986 0
2987 1
2988 1
2989 4
2990 5
2991 0
2992 6
2993 5
2994 6
2995 3
2996 5
2997 1
2998 0
2999 1
3000 2
3001 1
3002 0
3003 4
3004 2
3005 5
3006 6
3007 5
3008 1
3009 6
3010 6
3011 3
3012 0
3013 2
3014 3
3015 6
3016 6
3017 3
3018 2
3019 6
3020 3
3021 3
3022 0
3023 0
3024 6
3025 0
3026 1
3027 3
3028 0
3029 1
3030 5
3031 5
3032 5
3033 4
3034 1
3035 0
3036 1
3037 0
3038 4
3039 6
3040 3
3041 2
3042 0
3043 5
3044 1
3045 1
3046 4
3047 2
3048 2
3049 4
3050 0
3051 0
3052 5
3053 6
3054 5
3055 2
3056 5
3057 0
3058 3
3059 2
3060 3
3061 0
3062 5
3063 4
3064 3
3065 3
3066 5
3067 0
3068 1
3069 6
3070 6
3071 0
3072 6
3073 6
3074 0
3075 0
3076 4
3077 1
3078 0
3079 1
3080 6
3081 4
3082 3
3083 2
3084 0
3085 3
3086 1
3087 4
3088 3
3089 5
3090 0
3091 6
3092 0
3093 0
3094 2
3095 0
3096 2
3097 5
3098 3
3099 0
3100 6
3101 5
3102 6
3103 4
3104 2
3105 1
3106 4
3107 1
3108 3
3109 4
3110 1
3111 6
3112 6
3113 4
3114 4
3115 6
3116 4
3117 2
3118 3
3119 4
3120 3
3121 4
3122 0
3123 1
3124 3
3125 4
3126 0
3127 6
3128 1
3129 5
3130 3
3131 1
3132 0
3133 5
3134 1
3135 0
3136 1
3137 4
3138 0
3139 3
3140 6
3141 0
3142 5
3143 0
3144 1
3145 2
3146 0
3147 2
3148 1
3149 0
3150 4
3151 0
3152 2
3153 6
3154 4
3155 0
3156 2
3157 1
3158 3
3159 5
3160 5
3161 6
3162 2
3163 6
3164 1
3165 1
3166 5
3167 1
3168 6
3169 5
3170 1
3171 3
3172 1
3173 2
3174 4
3175 5
3176 6
3177 6
3178 4
3179 2
3180 5
3181 6
3182 4
3183 4
3184 2
3185 1
3186 6
3187 6
3188 3
3189 2
3190 1
3191 0
3192 5
3193 0
3194 6
3195 0
3196 6
3197 5
3198 4
3199 5
3200 0
3201 6
3202 5
3203 1
3204 5
3205 4
3206 6
3207 0
3208 6
3209 0
3210 6
3211 4
3212 1
3213 3
3214 3
3215 2
3216 0
3217 3
3218 0
3219 2
3220 4
3221 5
3222 5
3223 6
3224 3
3225 6
3226 4
3227 2
3228 2
3229 3
3230 3
3231 3
3232 5
3233 4
3234 3
3235 5
3236 3
3237 2
3238 3
3239 3
3240 2
3241 1
3242 3
3243 4
3244 2
3245 2
3246 1
3247 2
3248 2
3249 2
3250 5
3251 5
3252 5
3253 1
3254 0
3255 4
3256 2
3257 5
3258 6
3259 4
3260 6
3261 0
3262 0
3263 6
3264 5
3265 0
3266 4
3267 2
3268 3
3269 2
3270 5
3271 3
3272 2
3273 5
3274 0
3275 2
3276 5
3277 6
3278 3
3279 4
3280 4
3281 2
3282 5
3283 3
3284 0
3285 1
3286 5
3287 6
3288 0
3289 2
3290 0
3291 6
3292 2
3293 1
3294 3
3295 6
3296 6
3297 5
3298 0
3299 5
3300 3
3301 0
3302 4
3303 1
3304 3
3305 4
3306 0
3307 6
3308 2
3309 3
3310 1
3311 4
3312 3
3313 1
3314 2
3315 4
3316 6
3317 6
3318 5
3319 3
3320 5
3321 4
3322 2
3323 6
3324 1
3325 2
3326 3
3327 0
3328 4
3329 4
3330 3
3331 4
3332 5
3333 6
3334 2
3335 1
3336 1
3337 1
3338 5
3339 6
3340 6
3341 2
3342 6
3343 3
3344 1
3345 0
3346 3
3347 2
3348 5
3349 5
3350 0
3351 5
3352 6
3353 3
3354 0
3355 2
3356 1
3357 4
3358 3
3359 2
3360 4
3361 5
3362 6
3363 0
3364 0
3365 5
3366 1
3367 3
3368 3
3369 1
3370 2
3371 5
3372 5
3373 2
3374 6
3375 6
3376 4
3377 3
3378 2
3379 5
3380 4
3381 2
3382 1
3383 3
3384 4
3385 0
3386 4
3387 1
3388 4
3389 1
3390 2
3391 2
3392 1
3393 4
3394 4
3395 5
3396 4
3397 4
3398 3
3399 2
3400 4
3401 5
3402 5
3403 5
3404 6
3405 4
3406 0
3407 3
3408 3
3409 1
3410 6
3411 6
3412 0
3413 6
3414 6
3415 3
3416 6
3417 0
3418 3
3419 3
3420 1
3421 6
3422 6
3423 6
3424 2
3425 5
3426 6
3427 0
3428 4
3429 2
3430 3
3431 3
3432 3
3433 0
3434 2
3435 2
3436 4
3437 6
3438 2
3439 1
3440 5
3441 3
3442 4
3443 4
3444 5
3445 4
3446 5
3447 1
3448 6
3449 2
3450 4
3451 2
3452 2
3453 4
3454 4
3455 6
3456 3
3457 0
3458 4
3459 0
3460 5
3461 4
3462 6
3463 2
3464 2
3465 1
3466 1
3467 3
3468 1
3469 4
3470 3
3471 6
3472 5
3473 0
3474 5
3475 4
3476 5
3477 1
3478 6
3479 3
3480 4
3481 1
3482 1
3483 1
3484 1
3485 5
3486 2
3487 4
3488 4
3489 0
3490 2
3491 0
3492 0
3493 3
3494 3
3495 6
3496 0
3497 6
3498 2
3499 1
3500 1
3501 0
3502 4
3503 6
3504 1
3505 4
3506 6
3507 5
3508 4
3509 6
3510 4
3511 5
3512 3
3513 3
3514 2
3515 2
3516 4
3517 2
3518 5
3519 1
3520 1
3521 4
3522 6
3523 3
3524 3
3525 0
3526 5
3527 1
3528 6
3529 0
3530 4
3531 4
3532 4
3533 1
3534 6
3535 5
3536 0
3537 3
3538 1
3539 4
3540 6
3541 6
3542 5
3543 1
3544 1
3545 3
3546 3
3547 4
3548 3
3549 5
3550 6
3551 4
3552 1
3553 1
3554 4
3555 0
3556 2
3557 2
3558 2
3559 2
3560 4
3561 6
3562 6
3563 1
3564 0
3565 2
3566 3
3567 3
3568 0
3569 1
3570 0
3571 3
3572 4
3573 0
3574 3
3575 3
3576 4
3577 1
3578 1
3579 3
3580 4
3581 1
3582 2
3583 0
3584 2
3585 0
3586 0
3587 4
3588 2
3589 0
3590 2
3591 4
3592 3
3593 2
3594 3
3595 4
3596 6
3597 6
3598 5
3599 6
3600 6
3601 0
3602 2
3603 2
3604 0
3605 3
3606 5
3607 2
3608 3
3609 3
3610 6
3611 1
3612 2
3613 1
3614 4
3615 4
3616 6
3617 3
3618 2
3619 1
3620 6
3621 0
3622 5
3623 6
3624 1
3625 6
3626 2
3627 0
3628 4
3629 1
3630 0
3631 4
3632 1
3633 5
3634 3
3635 1
3636 2
3637 6
3638 1
3639 5
3640 6
3641 4
3642 6
3643 1
3644 2
3645 6
3646 3
3647 6
3648 0
3649 6
3650 2
3651 1
3652 5
3653 3
3654 6
3655 6
3656 4
3657 5
3658 1
3659 0
3660 6
3661 6
3662 6
3663 6
3664 5
3665 3
3666 4
3667 0
3668 6
3669 1
3670 5
3671 0
3672 4
3673 1
3674 3
3675 2
3676 5
3677 1
3678 3
3679 1
3680 1
3681 1
3682 4
3683 5
3684 5
3685 0
3686 4
3687 6
3688 4
3689 4
3690 6
3691 2
3692 3
3693 3
3694 0
3695 1
3696 3
3697 0
3698 0
3699 3
3700 4
3701 5
3702 2
3703 5
3704 0
3705 0
3706 1
3707 1
3708 0
3709 3
3710 1
3711 4
3712 5
3713 6
3714 2
3715 2
3716 6
3717 3
3718 0
3719 0
3720 5
3721 4
3722 3
3723 6
3724 4
3725 1
3726 6
3727 2
3728 1
3729 4
3730 0
3731 1
3732 0
3733 5
3734 4
3735 2
3736 6
3737 0
3738 1
3739 3
3740 4
3741 6
3742 2
3743 5
3744 3
3745 0
3746 6
3747 2
3748 4
3749 1
3750 1
3751 0
3752 5
3753 5
3754 6
3755 0
3756 4
3757 1
3758 3
3759 6
3760 3
3761 3
3762 4
3763 5
3764 1
3765 1
3766 4
3767 0
3768 1
3769 1
3770 2
3771 4
3772 2
3773 2
3774 4
3775 5
3776 3
3777 0
3778 2
3779 1
3780 3
3781 4
3782 5
3783 5
3784 3
3785 0
3786 0
3787 5
3788 5
3789 6
3790 4
3791 5
3792 0
3793 2
3794 3
3795 1
3796 6
3797 1
3798 0
3799 3
3800 5
3801 2
3802 2
3803 6
3804 0
3805 4
3806 1
3807 1
3808 4
3809 1
3810 4
3811 1
3812 3
3813 0
3814 6
3815 0
3816 6
3817 5
3818 2
3819 1
3820 3
3821 5
3822 1
3823 4
3824 4
3825 1
3826 2
3827 4
3828 4
3829 6
3830 2
3831 2
3832 1
3833 4
3834 3
3835 3
3836 6
3837 6
3838 4
3839 5
3840 1
3841 0
3842 3
3843 1
3844 6
3845 0
3846 0
3847 5
3848 4
3849 4
3850 4
3851 3
3852 0
3853 2
3854 3
3855 2
3856 5
3857 1
3858 5
3859 6
3860 5
3861 0
3862 4
3863 4
3864 0
3865 5
3866 3
3867 1
3868 2
3869 2
3870 0
3871 4
3872 2
3873 2
3874 0
3875 6
3876 0
3877 5
3878 4
3879 6
3880 6
3881 6
3882 3
3883 1
3884 5
3885 0
3886 4
3887 1
3888 2
3889 4
3890 4
3891 1
3892 3
3893 0
3894 3
3895 6
3896 3
3897 6
3898 3
3899 4
3900 3
3901 1
3902 2
3903 0
3904 0
3905 0
3906 5
3907 0
3908 2
3909 0
3910 2
3911 3
3912 3
3913 2
3914 3
3915 3
3916 0
3917 4
3918 0
3919 3
3920 1
3921 4
3922 1
3923 5
3924 4
3925 5
3926 1
3927 5
3928 3
3929 1
3930 1
3931 5
3932 0
3933 1
3934 5
3935 0
3936 0
3937 5
3938 1
3939 5
3940 6
3941 6
3942 4
3943 2
3944 3
3945 2
3946 6
3947 5
3948 5
3949 5
3950 0
3951 0
3952 3
3953 4
3954 4
3955 0
3956 6
3957 6
3958 1
3959 4
3960 2
3961 4
3962 2
3963 3
3964 0
3965 5
3966 4
3967 3
3968 0
3969 4
3970 5
3971 1
3972 0
3973 6
3974 1
3975 2
3976 6
3977 3
3978 6
3979 1
3980 3
3981 0
3982 2
3983 0
3984 3
3985 2
3986 3
3987 3
3988 2
3989 6
3990 3
3991 2
3992 6
3993 3
3994 5
3995 3
3996 3
3997 2
3998 2
3999 0
4000 2
4001 5
4002 0
4003 3
4004 4
4005 2
4006 4
4007 6
4008 0
4009 0
4010 4
4011 6
4012 0
4013 5
4014 5
4015 3
4016 2
4017 1
4018 3
4019 3
4020 0
4021 4
4022 0
4023 4
4024 1
4025 3
4026 0
4027 3
4028 6
4029 5
4030 2
4031 5
4032 3
4033 4
4034 4
4035 2
4036 0
4037 0
4038 5
4039 1
